24 16 00 00
    00 00 09 09 09 09 09 09 09 09 09 09 09 09 09 09 09 09 09 09 09 09 00 00
    00 09 09 09 09 09 09 09 09 09 09 09 09 09 09 09 09 09 09 09 09 09 09 00
    09 09 09 09 09 09 09 09 09 09 09 09 09 09 09 09 09 09 09 09 09 09 09 00
    09 09 09 09 09 09 09 09 09 09 09 09 09 09 09 09 09 09 09 09 09 09 09 10
    09 09 09 09 09 09 09 09 09 09 09 09 09 09 09 09 09 09 09 09 09 09 09 10
    09 11 11 11 11 11 11 11 11 11 11 11 09 09 09 11 09 11 11 11 09 09 09 10
    09 11 09 09 09 09 09 09 11 09 09 11 09 09 09 11 11 09 09 09 11 09 09 10
    09 11 11 11 09 09 09 09 11 09 09 11 11 11 11 11 11 11 11 11 11 09 09 10
    09 11 09 09 09 09 09 09 11 09 09 11 09 09 09 11 11 09 09 09 11 09 09 10
    09 11 11 11 11 11 09 09 11 09 09 11 09 09 09 11 11 09 09 09 11 09 09 10
    09 09 09 09 09 09 09 09 09 09 09 09 09 09 09 09 09 09 09 09 09 09 09 10
    09 09 09 09 09 09 09 09 09 09 09 09 09 09 09 09 09 09 09 09 09 09 09 10
    09 09 09 09 10 10 10 10 10 10 10 10 10 10 10 10 10 10 10 10 09 09 09 10
    09 09 09 10 00 00 00 00 00 00 00 00 00 00 00 00 00 00 00 00 09 09 09 10
    09 09 10 00 00 00 00 00 00 00 00 00 00 00 00 00 00 00 00 00 09 09 10 10
    09 10 00 00 00 00 00 00 00 00 00 00 00 00 00 00 00 00 00 00 00 00 10 10

