16 10 00 00
    00 15  00 00  00 14  14 14  14 14  13 00  00 00  15 00
    00 00  15 00  14 15  14 14  14 14  14 13  00 15  00 00
    00 00  00 14  15 14  14 14  14 14  14 13  13 00  00 00
    00 00  14 14  15 14  14 14  14 14  14 14  13 13  00 00
    00 00  14 14  14 14  14 14  14 14  14 14  13 13  00 00
    15 15  15 14  14 14  14 14  14 14  14 14  13 15  15 15
    00 00  14 15  15 15  15 15  15 15  15 15  15 13  00 00
    00 00  00 14  14 14  14 14  14 14  14 13  13 00  00 00
    00 00  15 00  14 14  14 14  14 14  13 13  00 15  00 00
    00 15  00 00  00 14  14 14  14 13  13 00  00 00  15 00

